0.659556 174
0.659556 173
0.659556 172
0.659415 172
0.659415 171
0.659415 170
0.659282 170
0.659282 169
0.659282 168
0.659147 168
0.659147 167
0.659122 166
0.659122 165
0.659122 164
0.659122 163
0.659122 162
0.659006 162
0.658879 162
0.658755 162
0.658755 161
0.658627 161
0.658476 161
0.658329 161
0.658329 160
0.658212 160
0.658064 160
0.657918 160
0.657918 159
0.657918 158
0.657848 157
0.6577 157
0.657598 157
0.657434 157
0.657307 157
0.657162 157
0.657016 157
0.656884 157
0.656739 157
0.656739 156
0.656739 155
0.656739 154
0.656591 154
0.656446 154
0.656303 154
0.656303 153
0.656155 153
0.656155 152
0.656141 151
0.656141 150
0.656014 150
0.656014 149
0.656014 148
0.655879 148
0.655764 148
0.655655 148
0.655655 147
0.655528 147
0.655528 146
0.655439 145
0.655439 144
0.655439 143
0.655439 142
0.655331 142
0.655331 141
0.655182 141
0.655035 141
0.654891 141
0.654891 140
0.654891 139
0.654742 139
0.654613 139
0.654458 139
0.654307 139
0.654186 139
0.65405 139
0.653943 139
0.653943 138
0.653798 138
0.653637 138
0.653494 138
0.653494 137
0.653345 137
0.653345 136
0.653202 136
0.653202 135
0.653081 135
0.652923 135
0.652923 134
0.652923 133
0.652923 132
0.652784 132
0.652628 132
0.65251 132
0.652367 132
0.652233 132
0.652095 132
0.652095 131
0.651942 131
0.651942 130
0.651942 129
0.651812 129
0.6517 129
0.651587 129
0.651441 129
0.651308 129
0.651308 128
0.651238 127
0.651112 127
0.651021 126
0.651021 125
0.651021 124
0.651021 123
0.651021 122
0.650924 122
0.650924 121
0.650794 121
0.650648 121
0.650513 121
0.650366 121
0.650366 120
0.650232 120
0.650113 120
0.649988 120
0.649988 119
0.649862 119
0.64971 119
0.649556 119
0.649405 119
0.649405 118
0.649262 118
0.649119 118
0.648974 118
0.648816 118
0.648665 118
0.648517 118
0.648517 117
0.648517 116
0.648367 116
0.648367 115
0.648218 115
0.648073 115
0.648073 114
0.64794 114
0.647801 114
0.647801 113
0.647674 113
0.647536 113
0.647536 112
0.647536 111
0.647445 110
0.647299 110
0.647299 109
0.647299 108
0.647299 107
0.647145 107
0.647029 107
0.646899 107
0.646766 107
0.646638 107
0.646638 106
0.64649 106
0.64649 105
0.646343 105
0.646343 104
0.646343 103
0.646223 103
0.646154 102
0.646004 102
0.645874 102
0.645736 102
0.645736 101
0.645736 100
0.645606 100
0.645489 100
0.645371 100
0.645238 100
0.645122 100
0.645122 99
0.644977 99
0.644821 99
0.644821 98
0.644664 98
0.644542 98
0.644414 98
0.644285 98
0.644156 98
0.644014 98
0.643883 98
0.643779 98
0.64363 98
0.643519 98
0.643375 98
0.643375 97
0.643375 96
0.643266 96
0.643144 96
0.643002 96
0.642896 96
0.642743 96
0.642743 95
0.642743 94
0.642593 94
0.642465 94
0.642323 94
0.642176 94
0.642045 94
0.641899 94
0.641765 94
0.641607 94
0.641455 94
0.641322 94
0.641178 94
0.641054 94
0.640927 94
0.640801 94
0.640651 94
0.640517 94
0.640517 93
0.640419 93
0.640274 93
0.640127 93
0.640002 93
0.639844 93
0.639693 93
0.639538 93
0.639387 93
0.639241 93
0.639107 93
0.638979 93
0.638836 93
0.638687 93
0.638572 93
0.638418 93
0.638258 93
0.638113 93
0.63798 93
0.63798 92
0.637823 92
0.637823 91
0.63768 91
0.637548 91
0.637406 91
0.637292 91
0.63716 91
0.637011 91
0.63686 91
0.636723 91
0.636584 91
0.636451 91
0.636451 90
0.636354 90
0.636354 89
0.636198 89
0.636052 89
0.635747 89
0.635656 89
0.635538 89
0.635379 89
0.635244 89
0.635244 88
0.6351 88
0.63496 88
0.634822 88
0.634668 88
0.634513 88
0.634362 88
0.634225 88
0.634105 88
0.633965 88
0.633874 87
0.633738 87
0.633585 87
0.633443 87
0.633312 87
0.633312 86
0.633312 85
0.633183 85
0.633039 85
0.632893 85
0.63276 85
0.632634 85
0.632545 84
0.632396 84
0.632396 83
0.632249 83
0.632104 83
0.632104 82
0.631972 82
0.631843 82
0.631843 81
0.631725 81
0.631579 81
0.631443 81
0.631295 81
0.63116 81
0.630897 81
0.630758 81
0.630598 81
0.630452 81
0.630452 80
0.630314 80
0.630188 80
0.630034 80
0.630034 79
0.629891 79
0.629744 79
0.629604 79
0.629451 79
0.629336 79
0.629223 79
0.629107 79
0.629107 78
0.628957 78
0.628819 78
0.628664 78
0.628547 78
0.628393 78
0.628245 78
0.628105 78
0.627993 78
0.627742 79
0.627607 79
0.627456 79
0.6273 79
0.627155 79
0.627029 79
0.626881 79
0.626761 79
0.626897 77
0.626886 76
0.626735 76
0.626634 76
0.626515 76
0.626515 75
0.626426 74
0.626292 74
0.626149 74
0.626149 73
0.626005 73
0.625846 73
0.625706 73
0.625556 73
0.625401 73
0.625245 73
0.625111 73
0.624954 73
0.624831 73
0.624676 73
0.62456 73
0.624468 72
0.624337 72
0.624181 72
0.624045 72
0.623894 72
0.623894 71
0.623643 71
0.623515 71
0.623367 71
0.623234 71
0.623088 71
0.622948 71
0.622794 71
0.62266 71
0.622504 71
0.622358 71
0.622218 71
0.622071 71
0.621978 70
0.621834 70
0.621674 70
0.621525 70
0.621525 69
0.62137 69
0.621345 68
0.621195 68
0.621044 68
0.6209 68
0.620763 68
0.620629 68
0.620479 68
0.620338 68
0.620196 68
0.620054 68
0.619924 68
0.619825 68
0.619685 68
0.619557 68
0.619451 68
0.619296 68
0.619145 68
0.61902 68
0.618881 68
0.618761 68
0.618658 68
0.618498 68
0.618341 68
0.6182 68
0.618046 68
0.617907 68
0.617775 68
0.617635 68
0.617478 68
0.617329 68
0.617329 67
0.617173 67
0.617014 67
0.616875 67
0.616748 67
0.616636 67
0.616484 67
0.616324 67
0.616194 67
0.616043 67
0.615913 67
0.615801 67
0.615673 67
0.615531 67
0.615409 67
0.61515 67
0.61503 67
0.614907 67
0.614762 67
0.614632 67
0.614485 67
0.614337 67
0.614188 67
0.61404 67
0.61404 66
0.613882 66
0.613728 66
0.613574 66
0.613425 66
0.613272 66
0.613126 66
0.612987 66
0.612846 66
0.612688 66
0.612536 66
0.612397 66
0.612285 66
0.611995 66
0.611888 66
0.611752 66
0.611598 66
0.611447 66
0.611301 66
0.611152 66
0.611006 66
0.610848 66
0.610712 66
0.610559 66
0.610415 66
0.610264 66
0.610165 66
0.610015 66
0.609873 66
0.609728 66
0.609627 66
0.609522 66
0.609363 66
0.609214 66
0.609056 66
0.608959 66
0.608837 66
0.608697 66
0.608558 66
0.608404 66
0.608278 66
0.608128 66
0.607984 66
0.607835 66
0.607713 66
0.607594 66
0.607448 66
0.60731 66
0.607162 66
0.607003 66
0.606864 66
0.606753 66
0.606605 66
0.606508 66
0.606372 66
0.606214 66
0.606062 66
0.605785 66
0.605678 66
0.605561 66
0.605431 66
0.605314 66
0.60517 66
0.605045 66
0.604907 66
0.604791 66
0.604678 66
0.604539 66
0.604539 65
0.604391 65
0.604234 65
0.604079 65
0.603924 65
0.603775 65
0.603637 65
0.603512 65
0.603366 65
0.603224 65
0.603071 65
0.602943 65
0.6028 65
0.602654 65
0.602529 65
0.602403 65
0.602263 65
0.602112 65
0.601976 65
0.601976 64
0.601841 64
0.601695 64
0.601536 64
0.601403 64
0.601266 64
0.601107 64
0.60096 64
0.600817 64
0.600664 64
0.600517 64
0.600377 64
0.600233 64
0.600076 64
0.599921 64
0.599782 64
0.599648 64
0.599502 64
0.599357 64
0.599214 64
0.599086 64
0.598973 64
0.598823 64
0.598701 64
0.59856 64
0.598402 64
0.598262 64
0.598111 64
0.597965 64
0.597846 64
0.597705 64
0.597568 64
0.597412 64
0.597261 64
0.597172 63
0.597024 63
0.596888 63
0.596758 63
0.596611 63
0.596505 63
0.596351 63
0.596192 63
0.59605 63
0.595901 63
0.595755 63
0.595604 63
0.595455 63
0.595312 63
0.595164 63
0.595044 63
0.594925 63
0.594779 63
0.594779 62
0.594624 62
0.5945 62
0.594356 62
0.594217 62
0.594089 62
0.593943 62
0.593822 62
0.59367 62
0.593517 62
0.593378 62
0.593093 62
0.592934 62
0.592789 62
0.592636 62
0.592508 62
0.592359 62
0.592215 62
0.592062 62
0.591914 62
0.591773 62
0.591629 62
0.591476 62
0.591339 62
0.591189 62
0.591042 62
0.590894 62
0.590755 62
0.59064 62
0.590497 62
0.590236 62
0.590091 62
0.589941 62
0.589808 62
0.589665 62
0.589516 62
0.589423 61
0.589278 61
0.589126 61
0.588985 61
0.588869 61
0.588719 61
0.588641 60
0.588518 60
0.588373 60
0.588233 60
0.588083 60
0.587937 60
0.587788 60
0.587662 60
0.587517 60
0.587425 59
0.587275 59
0.587129 59
0.587 59
0.58684 59
0.5867 59
0.586566 59
0.586423 59
0.586265 59
0.586124 59
0.585976 59
0.585884 58
0.585745 58
0.585605 58
0.585463 58
0.585188 58
0.585036 58
0.584929 58
0.584783 58
0.584635 58
0.584488 58
0.584371 58
0.584228 58
0.584073 58
0.583974 58
0.583864 58
0.583711 58
0.583564 58
0.583405 58
0.58328 58
0.583133 58
0.583042 57
0.582898 57
0.582796 57
0.582641 57
0.582505 57
0.582505 56
0.582346 56
0.582188 56
0.582037 56
0.581908 56
0.581759 56
0.581605 56
0.581468 56
0.581307 56
0.581157 56
0.581031 56
0.580903 56
0.580759 56
0.58066 56
0.580503 56
0.58035 56
0.580201 56
0.580056 56
0.579912 56
0.579779 56
0.579641 56
0.579347 56
0.579207 56
0.579055 56
0.578924 56
0.578771 56
0.578497 56
0.57835 56
0.578195 56
0.578048 56
0.577901 56
0.577776 56
0.57767 56
0.577539 56
0.577403 56
0.577255 56
0.577127 56
0.576969 56
0.576833 56
0.576681 56
0.57653 56
0.576382 56
0.57612 56
0.575987 56
0.575831 56
0.575689 56
0.575539 56
0.575422 56
0.575279 56
0.575147 56
0.575007 56
0.574853 56
0.574704 56
0.574561 56
0.574436 56
0.574293 56
0.574135 56
0.574 56
0.573873 56
0.573728 56
0.573595 56
0.57345 56
0.573305 56
0.573153 56
0.572999 56
0.572912 55
0.572782 55
0.572673 55
0.572532 55
0.572416 55
0.572298 55
0.572141 55
0.571986 55
0.571871 55
0.571742 55
0.57159 55
0.571433 55
0.571284 55
0.571137 55
0.571137 54
0.570977 54
0.57084 54
0.570697 54
0.570396 54
0.570263 54
0.570138 54
0.569994 54
0.569844 54
0.569706 54
0.569565 54
0.569443 54
0.56932 54
0.569175 54
0.569021 54
0.568863 54
0.568697 54
0.568573 54
0.568421 54
0.568268 54
0.568125 54
0.567985 54
0.567832 54
0.567707 54
0.567583 54
0.567435 54
0.567276 54
0.567162 54
0.567011 54
0.566858 54
0.566705 54
0.566583 54
0.566425 54
0.566128 54
0.566003 54
0.565869 54
0.565717 54
0.565563 54
0.565421 54
0.565272 54
0.56516 54
0.565011 54
0.564859 54
0.564703 54
0.564557 54
0.564409 54
0.564256 54
0.564116 54
0.563961 54
0.563832 54
0.563677 54
0.563532 54
0.563377 54
0.563075 54
0.562919 54
0.562769 54
0.562612 54
0.56249 54
0.562344 54
0.562213 54
0.561906 54
0.561783 54
0.56163 54
0.561515 54
0.561237 54
0.56109 54
0.560936 54
0.560801 54
0.560657 54
0.560508 54
0.560373 54
0.560224 54
0.560106 54
0.559958 54
0.559803 54
0.559651 54
0.559501 54
0.559347 54
0.559199 54
0.559098 54
0.558944 54
0.558789 54
0.558638 54
0.558483 54
0.558334 54
0.558192 54
0.558044 54
0.557908 54
0.557768 54
0.557631 54
0.557474 54
0.557341 54
0.557341 53
0.557196 53
0.557053 53
0.556899 53
0.556641 53
0.556482 53
0.55633 53
0.556188 53
0.556035 53
0.555887 53
0.555745 53
0.555597 53
0.555462 53
0.555053 53
0.554905 53
0.554778 53
0.554547 52
0.554402 52
0.554255 52
0.554096 52
0.553958 52
0.553824 52
0.553551 52
0.553394 52
0.553099 52
0.552993 52
0.55285 52
0.552715 52
0.552567 52
0.552426 52
0.552294 52
0.55215 52
0.551996 52
0.55184 52
0.55169 52
0.551549 52
0.551406 52
0.551128 52
0.550977 52
0.550845 52
0.550721 52
0.550451 52
0.550308 52
0.550166 52
0.550011 52
0.549861 52
0.549708 52
0.549559 52
0.54942 52
0.5493 52
0.549184 52
0.549102 51
0.548949 51
0.548949 50
0.548812 50
0.548654 50
0.548515 50
0.548372 50
0.548249 50
0.548152 50
0.548003 50
0.547865 50
0.54772 50
0.547594 50
0.547443 50
0.547285 50
0.54714 50
0.546991 50
0.546854 50
0.546735 50
0.546595 50
0.546442 50
0.546148 50
0.545999 50
0.545873 50
0.54574 50
0.545582 50
0.545433 50
0.545279 50
0.54515 50
0.545002 50
0.544855 50
0.544712 50
0.544572 50
0.544457 50
0.544326 50
0.544024 50
0.543872 50
0.543775 50
0.543634 50
0.543478 50
0.543347 50
0.5432 50
0.5432 49
0.543064 49
0.542908 49
0.542761 49
0.542663 49
0.542558 49
0.542404 49
0.542304 49
0.542043 49
0.541902 49
0.541594 49
0.541449 49
0.541304 49
0.541167 49
0.541007 49
0.540865 49
0.540734 49
0.540431 49
0.540275 49
0.539988 49
0.539862 49
0.539734 49
0.539615 49
0.539468 49
0.539314 49
0.539168 49
0.539012 49
0.538864 49
0.538735 49
0.538588 49
0.538446 49
0.538343 49
0.538214 49
0.538064 49
0.537917 49
0.537771 49
0.537622 49
0.537466 49
0.537323 49
0.537185 49
0.536892 49
0.536782 49
0.536626 49
0.536518 49
0.536376 49
0.53622 49
0.536096 49
0.535964 49
0.535808 49
0.535662 49
0.535518 49
0.535378 49
0.535227 49
0.535079 49
0.534926 49
0.534768 49
0.534625 49
0.534491 49
0.534359 49
0.534207 49
0.53405 49
0.533898 49
0.533746 49
0.533464 49
0.533315 49
0.5332 49
0.533044 49
0.532927 49
0.532772 49
0.532639 49
0.53249 49
0.532338 49
0.532183 49
0.531909 49
0.531763 49
0.531475 49
0.531346 49
0.531195 49
0.53105 49
0.530893 49
0.530747 49
0.530625 49
0.530485 49
0.530334 49
0.530201 49
0.530058 49
0.529933 49
0.529773 49
0.529645 49
0.529486 49
0.529353 49
0.529209 49
0.529063 49
0.528957 49
0.528804 49
0.528652 49
0.528529 49
0.528403 49
0.528109 49
0.527953 49
0.527812 49
0.527675 49
0.527542 49
0.527405 49
0.527279 49
0.527148 49
0.526998 49
0.526848 49
0.526765 48
0.526505 48
0.526361 48
0.526243 48
0.526123 48
0.525979 48
0.525834 48
0.525834 47
0.52569 47
0.525534 47
0.525394 47
0.52526 47
0.525114 47
0.524969 47
0.52483 47
0.524584 47
0.524445 47
0.524158 47
0.524001 47
0.523582 47
0.523315 47
0.523159 47
0.523009 47
0.522859 47
0.522589 47
0.522448 47
0.522304 47
0.522152 47
0.522026 47
0.521875 47
0.521735 47
0.521579 47
0.521436 47
0.521294 47
0.521139 47
0.520985 47
0.520694 47
0.520405 47
0.520272 47
0.520144 47
0.519996 47
0.519858 47
0.5197 47
0.519541 47
0.519244 47
0.519089 47
0.518809 47
0.518677 47
0.518527 47
0.518387 47
0.518274 47
0.518125 47
0.517986 47
0.517833 47
0.517682 47
0.517561 47
0.517413 47
0.517272 47
0.517137 47
0.516982 47
0.516824 47
0.516678 47
0.516527 47
0.516377 47
0.516267 47
0.516123 47
0.515972 47
0.51587 47
0.515721 47
0.515574 47
0.515421 47
0.515269 47
0.515128 47
0.514969 47
0.514818 47
0.514678 47
0.514549 47
0.514266 47
0.514266 46
0.514125 46
0.513977 46
0.513838 46
0.513683 46
0.513586 46
0.513439 46
0.513292 46
0.513141 46
0.512989 46
0.512839 46
0.512548 46
0.512403 46
0.512262 46
0.511824 46
0.511513 46
0.511362 46
0.511207 46
0.511056 46
0.51076 46
0.51062 46
0.510472 46
0.510328 46
0.510055 46
0.5099 46
0.509593 46
0.509447 46
0.509301 46
0.509176 46
0.509023 46
0.508939 45
0.508784 45
0.508641 45
0.508536 45
0.508395 45
0.508243 45
0.508107 45
0.507984 45
0.507834 45
0.507676 45
0.507532 45
0.50741 45
0.507155 45
0.507037 45
0.506882 45
0.506724 45
0.506434 45
0.506278 45
0.506131 45
0.50601 45
0.505727 45
0.505578 45
0.50543 45
0.505275 45
0.505013 45
0.50472 45
0.504586 45
0.50445 45
0.504297 45
0.504145 45
0.503852 45
0.503708 45
0.503566 45
0.503417 45
0.503145 45
0.502864 45
0.502575 45
0.502441 45
0.502013 45
0.501882 45
0.501776 45
0.501651 45
0.501514 45
0.501355 45
0.501211 45
0.501069 45
0.50092 45
0.500814 45
0.500681 45
0.500537 45
0.500396 45
0.500251 45
0.500094 45
0.499939 45
0.499796 45
0.499637 45
0.499486 45
0.499204 45
0.49907 45
0.498794 45
0.49866 45
0.498517 45
0.498369 45
0.498215 45
0.497964 45
0.497812 45
0.497663 45
0.497523 45
0.497322 44
0.497179 44
0.497018 44
0.49691 44
0.496631 44
0.496479 44
0.496328 44
0.496198 44
0.496047 44
0.49589 44
0.495783 44
0.495341 44
0.495188 44
0.495054 44
0.49491 44
0.494776 44
0.494633 44
0.494203 44
0.494059 44
0.493912 44
0.493612 44
0.493472 44
0.493324 44
0.492883 44
0.492741 44
0.492453 44
0.492298 44
0.492172 44
0.492035 44
0.491879 44
0.491724 44
0.491587 44
0.491454 44
0.491304 44
0.491146 44
0.491001 44
0.490859 44
0.490753 44
0.490283 44
0.490148 44
0.489991 44
0.489844 44
0.4897 44
0.489579 44
0.489299 44
0.489144 44
0.488993 44
0.488854 44
0.48856 44
0.488419 44
0.488144 44
0.487839 44
0.487685 44
0.487527 44
0.487371 44
0.487241 44
0.487085 44
0.486946 44
0.486799 44
0.486651 44
0.486492 44
0.486348 44
0.48621 44
0.486066 44
0.485797 44
0.485646 44
0.485519 44
0.485359 44
0.485205 44
0.484914 44
0.484783 44
0.484636 44
0.484499 44
0.484223 44
0.484088 44
0.483818 44
0.483563 44
0.483438 44
0.483292 44
0.482983 44
0.482716 44
0.48258 44
0.48258 43
0.482296 43
0.482141 43
0.481988 43
0.481858 43
0.481565 43
0.481438 43
0.481162 43
0.481014 43
0.480748 43
0.480596 43
0.480444 43
0.480307 43
0.480173 43
0.480025 43
0.479565 43
0.47927 43
0.478815 43
0.47853 43
0.478377 43
0.478083 43
0.477943 43
0.477822 43
0.477707 43
0.477588 43
0.477318 43
0.477177 43
0.476918 43
0.476775 43
0.476547 43
0.476394 43
0.47611 43
0.475981 43
0.475701 43
0.475558 43
0.475408 43
0.475251 43
0.475108 43
0.474956 43
0.474835 43
0.474679 43
0.474384 43
0.474229 43
0.474085 43
0.473956 43
0.473815 43
0.473561 43
0.473116 43
0.472959 43
0.472846 43
0.472695 43
0.47248 43
0.472324 43
0.472172 43
0.47172 43
0.47158 43
0.471431 43
0.471317 43
0.471181 43
0.470939 43
0.470811 43
0.47066 43
0.470371 43
0.470235 43
0.470085 43
0.469794 43
0.469508 43
0.469355 43
0.469201 43
0.46906 43
0.46906 42
0.468902 42
0.468761 42
0.468621 42
0.468485 42
0.468343 42
0.468198 42
0.467896 42
0.467735 42
0.467578 42
0.467307 42
0.467155 42
0.466998 42
0.466727 42
0.466569 42
0.466302 42
0.466169 42
0.465723 42
0.465583 42
0.465313 42
0.465168 42
0.465021 42
0.46477 42
0.46462 42
0.464497 42
0.464362 42
0.464209 42
0.463964 41
0.463813 41
0.463696 41
0.463549 41
0.4634 41
0.463249 41
0.463094 41
0.462947 41
0.462791 41
0.462211 41
0.46205 41
0.461928 41
0.461783 41
0.461641 41
0.461389 41
0.461244 41
0.461092 41
0.460955 41
0.460809 41
0.460522 41
0.46022 41
0.460073 41
0.459925 41
0.459782 41
0.459628 41
0.459468 41
0.459157 41
0.458712 41
0.458572 41
0.458442 41
0.458282 41
0.458005 41
0.457592 41
0.457461 41
0.457306 41
0.456748 41
0.456438 41
0.456139 41
0.45599 41
0.455687 41
0.455401 41
0.455109 41
0.454978 41
0.454839 41
0.454707 41
0.45455 41
0.454415 41
0.454273 41
0.454119 41
0.453829 41
0.453541 41
0.453247 41
0.45311 41
0.452963 41
0.452828 41
0.452556 41
0.452461 40
0.452307 40
0.451879 40
0.451729 40
0.451414 40
0.451262 40
0.451108 40
0.450962 40
0.450703 40
0.450404 40
0.450279 40
0.450144 40
0.449995 40
0.449719 40
0.44956 40
0.449408 40
0.449245 40
0.449107 40
0.448812 40
0.448498 40
0.448195 40
0.447911 40
0.447769 40
0.447629 40
0.447497 40
0.44726 40
0.44698 40
0.446827 40
0.446417 40
0.446111 40
0.44596 40
0.445668 40
0.445395 40
0.445237 40
0.445087 40
0.444929 40
0.444642 40
0.44405 40
0.44391 40
0.443757 40
0.443629 40
0.443337 40
0.443215 40
0.443081 40
0.442931 40
0.442778 40
0.442479 40
0.44233 40
0.442207 40
0.442078 40
0.441928 40
0.441769 40
0.441612 40
0.441349 40
0.441226 40
0.441082 40
0.440795 40
0.440347 40
0.440194 40
0.440037 40
0.439743 40
0.439617 40
0.439461 40
0.439319 40
0.439164 40
0.438724 40
0.438566 40
0.438272 40
0.438036 39
0.437901 39
0.437632 39
0.437314 39
0.437163 39
0.437012 39
0.436885 39
0.436433 39
0.436279 39
0.435975 39
0.435676 39
0.43552 39
0.434973 39
0.434688 39
0.434553 39
0.434295 39
0.434149 39
0.433994 39
0.433846 39
0.433419 39
0.433146 39
0.433005 39
0.432719 39
0.432577 39
0.432438 39
0.432295 39
0.432156 39
0.431619 39
0.431325 39
0.431171 39
0.431027 39
0.430756 39
0.430504 39
0.4301 39
0.429945 39
0.429717 39
0.42927 39
0.42913 39
0.428999 39
0.42884 39
0.428414 39
0.427976 39
0.427823 39
0.427676 39
0.427564 39
0.427409 39
0.427103 39
0.426969 39
0.426683 39
0.426542 39
0.426237 39
0.426125 39
0.425974 39
0.42568 39
0.425229 39
0.424667 39
0.424526 39
0.424084 39
0.423782 39
0.423336 39
0.423182 39
0.422919 39
0.422771 39
0.422639 39
0.422336 39
0.421892 39
0.421595 39
0.421352 39
0.421217 39
0.421065 39
0.420798 38
0.420491 38
0.420341 38
0.420191 38
0.419801 38
0.419649 38
0.419533 38
0.418802 38
0.418516 38
0.418246 38
0.418105 38
0.417694 38
0.417404 38
0.41726 38
0.41698 38
0.41674 38
0.416634 38
0.416504 38
0.416231 38
0.415672 38
0.415526 38
0.415406 38
0.415291 38
0.415142 38
0.414997 38
0.414576 38
0.414028 38
0.41389 38
0.413599 38
0.41344 38
0.413163 38
0.41304 38
0.412481 38
0.41219 38
0.411895 38
0.411607 38
0.411454 37
0.411306 36
0.410847 36
0.410742 36
0.410611 36
0.410482 36
0.41018 36
0.409868 36
0.409426 36
0.409309 36
0.409004 36
0.408861 36
0.408728 36
0.408573 36
0.408455 36
0.408016 36
0.407885 36
0.407607 36
0.407316 36
0.407192 36
0.406601 36
0.406159 36
0.406005 36
0.4054 36
0.405249 36
0.405115 36
0.404851 36
0.404563 36
0.404323 36
0.404191 36
0.40391 36
0.403758 36
0.403203 36
0.403047 36
0.402759 36
0.402231 36
0.401647 36
0.401512 36
0.401362 36
0.401125 36
0.400973 36
0.400673 36
0.400375 36
0.400075 36
0.39992 36
0.39978 36
0.399626 36
0.399034 36
0.398613 36
0.398331 36
0.398184 36
0.397785 36
0.397535 36
0.397089 36
0.396782 36
0.396638 36
0.396499 36
0.396203 36
0.395784 36
0.395509 36
0.39538 36
0.395254 36
0.395109 36
0.394829 36
0.39458 36
0.394442 36
0.393859 36
0.393254 36
0.392974 36
0.392821 36
0.392531 36
0.392091 36
0.391657 36
0.391198 36
0.390883 36
0.390575 36
0.390312 36
0.39002 36
0.389871 36
0.389715 36
0.389469 36
0.389329 36
0.389016 36
0.388592 36
0.388324 36
0.388031 36
0.387878 36
0.387726 36
0.387282 36
0.387139 36
0.386854 36
0.386454 36
0.386306 36
0.38615 36
0.385842 36
0.385713 36
0.384971 36
0.38457 36
0.384417 36
0.384268 36
0.383842 36
0.383238 36
0.383081 36
0.382795 36
0.382372 36
0.382227 36
0.381951 36
0.381533 36
0.381381 36
0.380837 35
0.380417 35
0.380123 35
0.379705 35
0.379557 35
0.379268 35
0.378876 35
0.378433 35
0.377822 35
0.377677 35
0.376829 35
0.376272 35
0.37528 35
0.374747 35
0.373869 35
0.373603 35
0.373183 35
0.372612 35
0.372468 35
0.372317 35
0.37189 35
0.371287 35
0.370607 35
0.370026 35
0.369883 35
0.369439 35
0.369002 35
0.368222 35
0.367801 35
0.367518 35
0.366969 35
0.366249 35
0.365993 35
0.365581 35
0.365427 35
0.365126 35
0.364693 35
0.36442 35
0.363997 35
0.363686 35
0.363083 35
0.362642 35
0.362384 35
0.361675 35
0.361101 35
0.360972 35
0.360821 35
0.36024 34
0.359803 34
0.359667 34
0.359089 34
0.358491 34
0.358249 34
0.358101 34
0.357305 34
0.357031 34
0.356422 34
0.355827 34
0.355394 34
0.354997 34
0.353851 34
0.353272 34
0.352697 34
0.351816 34
0.350982 34
0.350111 34
0.349557 34
0.349114 34
0.348675 34
0.348245 34
0.347419 34
0.346551 34
0.346256 34
0.345974 34
0.345671 34
0.345387 34
0.344868 34
0.344457 34
0.344328 34
0.343915 34
0.343524 34
0.343219 34
0.342918 34
0.342386 33
0.342132 33
0.341686 33
0.341423 33
0.340301 33
0.33961 33
0.338753 33
0.338029 33
0.337591 33
0.336607 33
0.335993 32
0.335533 32
0.334943 32
0.334522 32
0.334085 32
0.333249 32
0.333107 32
0.332192 32
0.331743 32
0.331337 32
0.330473 32
0.329951 31
0.329389 31
0.328839 31
0.328106 31
0.327505 31
0.326642 31
0.326175 31
0.325902 31
0.325314 31
0.325033 31
0.324899 31
0.324486 31
0.323785 31
0.323029 31
0.322729 31
0.322269 31
0.322119 31
0.321551 31
0.320991 31
0.320231 31
0.319951 31
0.31938 31
0.319103 31
0.318229 31
0.317789 30
0.316923 30
0.315751 30
0.315042 30
0.314301 30
0.313586 30
0.312711 30
0.312269 30
0.310988 30
0.310169 30
0.309735 30
0.308902 29
0.308009 29
0.307404 29
0.306368 29
0.305351 29
0.304569 29
0.303704 29
0.303271 29
0.302178 28
0.301345 28
0.300571 28
0.299751 28
0.299108 28
0.298391 28
0.297105 28
0.296069 28
0.294866 27
0.294199 27
0.292699 27
0.291909 27
0.291281 26
0.29058 26
0.289909 26
0.288324 26
0.287303 26
0.286562 26
0.285853 26
0.285301 26
0.28446 26
0.283375 26
0.282501 26
0.281037 26
0.280022 26
0.279614 26
0.278565 26
0.278004 26
0.277095 25
0.276241 25
0.275249 25
0.274264 25
0.272851 25
0.271821 25
0.270269 25
0.269278 25
0.267965 25
0.267072 25
0.265654 25
0.264946 25
0.263824 25
0.262507 25
0.26181 25
0.261108 24
0.259484 24
0.258086 24
0.256671 24
0.255259 24
0.254555 24
0.252883 24
0.251766 24
0.250919 24
0.250099 23
0.249143 23
0.248128 23
0.246962 22
0.245406 22
0.244533 22
0.242802 22
0.241816 22
0.241079 22
0.239483 21
0.238348 21
0.237091 21
0.234515 21
0.233039 21
0.231341 21
0.230446 21
0.22918 21
0.227172 21
0.225664 21
0.223845 20
0.222094 20
0.220521 20
0.218753 20
0.217219 20
0.215871 20
0.213076 20
0.210881 20
0.208838 20
0.205814 20
0.204248 20
0.201869 19
0.198553 19
0.196236 19
0.193891 19
0.191815 19
0.188674 19
0.186397 19
0.183526 18
0.179688 18
0.176413 18
0.173624 17
0.170266 17
0.167447 15
0.16384 15
0.161549 14
0.158756 14
0.155576 14
0.150544 13
0.146906 13
0.142905 13
0.139611 13
0.134998 11
0.130271 11
0.122042 11
0.113592 9
0.106065 9
0.0957891 9
0.0881183 7
0.073275 4
0.0555682 4
0.0324625 2
0 0
