0.888803 174 0.850891
0.888803 173 0.850964
0.888803 172 0.851103
0.88861 172 0.851123
0.88861 171 0.854
0.88861 170 0.854072
0.888416 170 0.858662
0.888416 169 0.860875
0.888416 168 0.861745
0.888223 168 0.863773
0.888223 167 0.864345
0.888223 166 0.866089
0.888223 165 0.866321
0.888223 164 0.866782
0.888223 163 0.868798
0.888223 162 0.868864
0.888029 162 0.871419
0.887836 162 0.872019
0.887643 162 0.872156
0.887643 161 0.872536
0.887449 161 0.875936
0.887256 161 0.876203
0.887062 161 0.877381
0.887062 160 0.877506
0.886869 160 0.877879
0.886676 160 0.878466
0.886482 160 0.879685
0.886482 159 0.880446
0.886482 158 0.883119
0.886482 157 0.88404
0.886289 157 0.884419
0.886096 157 0.884546
0.885902 157 0.885007
0.885709 157 0.885377
0.885515 157 0.885674
0.885322 157 0.885854
0.885129 157 0.886434
0.884935 157 0.887603
0.884935 156 0.888267
0.884935 155 0.891544
0.884935 154 0.89218
0.884742 154 0.894209
0.884548 154 0.894859
0.884355 154 0.895628
0.884355 153 0.896905
0.884162 153 0.897835
0.884162 152 0.899219
0.884162 151 0.899423
0.884162 150 0.901015
0.883968 150 0.901538
0.883968 149 0.902045
0.883968 148 0.90251
0.883775 148 0.903514
0.883582 148 0.904374
0.883388 148 0.904778
0.883388 147 0.90829
0.883195 147 0.908443
0.883195 146 0.9086
0.883195 145 0.909492
0.883195 144 0.910002
0.883195 143 0.910158
0.883195 142 0.910781
0.883001 142 0.910929
0.883001 141 0.913378
0.882808 141 0.913454
0.882615 141 0.91484
0.882421 141 0.915344
0.882421 140 0.915781
0.882421 139 0.916401
0.882228 139 0.91732
0.882034 139 0.919016
0.881841 139 0.919158
0.881648 139 0.919581
0.881454 139 0.920025
0.881261 139 0.920286
0.881067 139 0.92088
0.881067 138 0.921719
0.880874 138 0.922604
0.880681 138 0.922905
0.880487 138 0.923052
0.880487 137 0.923777
0.880294 137 0.924192
0.880294 136 0.924761
0.880101 136 0.925939
0.880101 135 0.926297
0.879907 135 0.926483
0.879714 135 0.927435
0.879714 134 0.92767
0.879714 133 0.927757
0.879714 132 0.92838
0.87952 132 0.92841
0.879327 132 0.928414
0.879134 132 0.928494
0.87894 132 0.928686
0.878747 132 0.92926
0.878553 132 0.929403
0.878553 131 0.929464
0.87836 131 0.929521
0.87836 130 0.929601
0.87836 129 0.929812
0.878167 129 0.929932
0.877973 129 0.930797
0.87778 129 0.931772
0.877587 129 0.932867
0.877393 129 0.933198
0.877393 128 0.933599
0.877393 127 0.933876
0.8772 127 0.933905
0.8772 126 0.934307
0.8772 125 0.934576
0.8772 124 0.934756
0.8772 123 0.935041
0.8772 122 0.935111
0.877006 122 0.935186
0.877006 121 0.935325
0.876813 121 0.935569
0.87662 121 0.935871
0.876426 121 0.935927
0.876233 121 0.935937
0.876233 120 0.936627
0.876039 120 0.937378
0.875846 120 0.937962
0.875653 120 0.938444
0.875653 119 0.938455
0.875459 119 0.938568
0.875266 119 0.939237
0.875073 119 0.939441
0.874879 119 0.939448
0.874879 118 0.941918
0.874686 118 0.942145
0.874492 118 0.942995
0.874299 118 0.94355
0.874106 118 0.943683
0.873912 118 0.943907
0.873719 118 0.944162
0.873719 117 0.944207
0.873719 116 0.944268
0.873525 116 0.944622
0.873525 115 0.944824
0.873332 115 0.945698
0.873139 115 0.946239
0.873139 114 0.946689
0.872945 114 0.946703
0.872752 114 0.94674
0.872752 113 0.947029
0.872558 113 0.948568
0.872365 113 0.948932
0.872365 112 0.948947
0.872365 111 0.951019
0.872365 110 0.951792
0.872172 110 0.95186
0.872172 109 0.952397
0.872172 108 0.952697
0.872172 107 0.95306
0.871978 107 0.953157
0.871785 107 0.95339
0.871592 107 0.953409
0.871398 107 0.953996
0.871205 107 0.954192
0.871205 106 0.955345
0.871011 106 0.955359
0.871011 105 0.956008
0.870818 105 0.956321
0.870818 104 0.956498
0.870818 103 0.957138
0.870625 103 0.957968
0.870625 102 0.958037
0.870431 102 0.958505
0.870238 102 0.958738
0.870044 102 0.959291
0.870044 101 0.959467
0.870044 100 0.959477
0.869851 100 0.959532
0.869658 100 0.960306
0.869464 100 0.960411
0.869271 100 0.960433
0.869078 100 0.96083
0.869078 99 0.961336
0.868884 99 0.961764
0.868691 99 0.961781
0.868691 98 0.962494
0.868497 98 0.962505
0.868304 98 0.962535
0.868111 98 0.96305
0.867917 98 0.96337
0.867724 98 0.963544
0.86753 98 0.963717
0.867337 98 0.963787
0.867144 98 0.963892
0.86695 98 0.964102
0.866757 98 0.964446
0.866564 98 0.965553
0.866564 97 0.966127
0.866564 96 0.966327
0.86637 96 0.966354
0.866177 96 0.966638
0.865983 96 0.967348
0.86579 96 0.967437
0.865597 96 0.967502
0.865597 95 0.967843
0.865597 94 0.967872
0.865403 94 0.968705
0.86521 94 0.96879
0.865016 94 0.96925
0.864823 94 0.969356
0.86463 94 0.969522
0.864436 94 0.969787
0.864243 94 0.969813
0.86405 94 0.969859
0.863856 94 0.969991
0.863663 94 0.970031
0.863469 94 0.970293
0.863276 94 0.970347
0.863083 94 0.970854
0.862889 94 0.971165
0.862696 94 0.971347
0.862502 94 0.971794
0.862502 93 0.971917
0.862309 93 0.97209
0.862116 93 0.972358
0.861922 93 0.972395
0.861729 93 0.972787
0.861535 93 0.973105
0.861342 93 0.973216
0.861149 93 0.973552
0.860955 93 0.973554
0.860762 93 0.973766
0.860569 93 0.97377
0.860375 93 0.973891
0.860182 93 0.973957
0.859988 93 0.974023
0.859795 93 0.974368
0.859602 93 0.974411
0.859408 93 0.974833
0.859215 93 0.974841
0.859021 93 0.975049
0.859021 92 0.97531
0.858828 92 0.975367
0.858828 91 0.975384
0.858635 91 0.975572
0.858441 91 0.975951
0.858248 91 0.975984
0.858055 91 0.976084
0.857861 91 0.976111
0.857668 91 0.976205
0.857474 91 0.976252
0.857281 91 0.976307
0.857088 91 0.976708
0.856894 91 0.976769
0.856894 90 0.976844
0.856701 90 0.976898
0.856701 89 0.977018
0.856507 89 0.97742
0.856314 89 0.977434
0.855927 89 0.977707
0.855734 89 0.977737
0.855541 89 0.978028
0.855347 89 0.978141
0.855154 89 0.978155
0.855154 88 0.978194
0.85496 88 0.978219
0.854767 88 0.978243
0.854574 88 0.978288
0.85438 88 0.978297
0.854187 88 0.978589
0.853993 88 0.978668
0.8538 88 0.978683
0.853607 88 0.978747
0.853413 88 0.978887
0.853413 87 0.978988
0.85322 87 0.979024
0.853026 87 0.979067
0.852833 87 0.979071
0.85264 87 0.979385
0.85264 86 0.979458
0.85264 85 0.979988
0.852446 85 0.980078
0.852253 85 0.980145
0.85206 85 0.980155
0.851866 85 0.980358
0.851673 85 0.980388
0.851673 84 0.980645
0.851479 84 0.980648
0.851479 83 0.980691
0.851286 83 0.980756
0.851093 83 0.980785
0.851093 82 0.980896
0.850899 82 0.981094
0.850706 82 0.981295
0.850706 81 0.981323
0.850512 81 0.981375
0.850319 81 0.981533
0.850126 81 0.982025
0.849932 81 0.98204
0.849739 81 0.982062
0.849352 81 0.982098
0.849159 81 0.98213
0.848965 81 0.982389
0.848772 81 0.982501
0.848772 80 0.982524
0.848579 80 0.982595
0.848385 80 0.982699
0.848192 80 0.982714
0.848192 79 0.982736
0.847998 79 0.98282
0.847805 79 0.982894
0.847612 79 0.982949
0.847418 79 0.983017
0.847225 79 0.983095
0.847032 79 0.983254
0.846838 79 0.983383
0.846838 78 0.983413
0.846645 78 0.983628
0.846451 78 0.983945
0.846258 78 0.983968
0.846065 78 0.98411
0.845871 78 0.984276
0.845678 78 0.984284
0.845484 78 0.984338
0.845291 78 0.984345
0.844904 79 0.984383
0.844711 79 0.984401
0.844518 79 0.984469
0.844324 79 0.98451
0.844131 79 0.984513
0.843937 79 0.984533
0.843744 79 0.984546
0.843551 79 0.984721
0.843744 77 0.984885
0.843744 76 0.984894
0.843551 76 0.985006
0.843357 76 0.985009
0.843164 76 0.985056
0.843164 75 0.985169
0.843164 74 0.985189
0.84297 74 0.985244
0.842777 74 0.985248
0.842777 73 0.985285
0.842584 73 0.985289
0.84239 73 0.985344
0.842197 73 0.985351
0.842003 73 0.985378
0.84181 73 0.985383
0.841617 73 0.985445
0.841423 73 0.985513
0.84123 73 0.985751
0.841037 73 0.985817
0.840843 73 0.985849
0.84065 73 0.985875
0.84065 72 0.985901
0.840456 72 0.985915
0.840263 72 0.985926
0.84007 72 0.986131
0.839876 72 0.986167
0.839876 71 0.986196
0.839489 71 0.986354
0.839296 71 0.986366
0.839103 71 0.986412
0.838909 71 0.9865
0.838716 71 0.98653
0.838523 71 0.986559
0.838329 71 0.986575
0.838136 71 0.986583
0.837942 71 0.986655
0.837749 71 0.986688
0.837556 71 0.986784
0.837362 71 0.986896
0.837362 70 0.986931
0.837169 70 0.986984
0.836975 70 0.987011
0.836782 70 0.987153
0.836782 69 0.987185
0.836589 69 0.987214
0.836589 68 0.987238
0.836395 68 0.987259
0.836202 68 0.987288
0.836009 68 0.987328
0.835815 68 0.987332
0.835622 68 0.987411
0.835428 68 0.987459
0.835235 68 0.987585
0.835042 68 0.987673
0.834848 68 0.987703
0.834655 68 0.987729
0.834461 68 0.987976
0.834268 68 0.987982
0.834075 68 0.987999
0.833881 68 0.988057
0.833688 68 0.98812
0.833494 68 0.988176
0.833301 68 0.988206
0.833108 68 0.988222
0.832914 68 0.988261
0.832721 68 0.988269
0.832528 68 0.988362
0.832334 68 0.988379
0.832141 68 0.988382
0.831947 68 0.988425
0.831754 68 0.98843
0.831561 68 0.988464
0.831367 68 0.988494
0.831174 68 0.988577
0.83098 68 0.988612
0.83098 67 0.988627
0.830787 67 0.988695
0.830594 67 0.98872
0.8304 67 0.988768
0.830207 67 0.988772
0.830014 67 0.98878
0.82982 67 0.988781
0.829627 67 0.988782
0.829433 67 0.988884
0.82924 67 0.988891
0.829047 67 0.988925
0.828853 67 0.988956
0.82866 67 0.988984
0.828466 67 0.989009
0.828273 67 0.989071
0.827886 67 0.989119
0.827693 67 0.989185
0.8275 67 0.989256
0.827306 67 0.989267
0.827113 67 0.989366
0.826919 67 0.989394
0.826726 67 0.989407
0.826533 67 0.989434
0.826339 67 0.989445
0.826339 66 0.989492
0.826146 66 0.989604
0.825952 66 0.989683
0.825759 66 0.989771
0.825566 66 0.989774
0.825372 66 0.989817
0.825179 66 0.989828
0.824985 66 0.989859
0.824792 66 0.989861
0.824599 66 0.989864
0.824405 66 0.989882
0.824212 66 0.989995
0.824019 66 0.990228
0.823632 66 0.990245
0.823438 66 0.99028
0.823245 66 0.99039
0.823052 66 0.990439
0.822858 66 0.990608
0.822665 66 0.990649
0.822471 66 0.99074
0.822278 66 0.990803
0.822085 66 0.990864
0.821891 66 0.990869
0.821698 66 0.990874
0.821505 66 0.990877
0.821311 66 0.990881
0.821118 66 0.990896
0.820924 66 0.990909
0.820731 66 0.990943
0.820538 66 0.990947
0.820344 66 0.990999
0.820151 66 0.99103
0.819957 66 0.991052
0.819764 66 0.991068
0.819571 66 0.991102
0.819377 66 0.991226
0.819184 66 0.991228
0.818991 66 0.991229
0.818797 66 0.991294
0.818604 66 0.991307
0.81841 66 0.991317
0.818217 66 0.991336
0.818024 66 0.991343
0.81783 66 0.991387
0.817637 66 0.991393
0.817443 66 0.991412
0.81725 66 0.991433
0.817057 66 0.991486
0.816863 66 0.991527
0.81667 66 0.991531
0.816477 66 0.991535
0.816283 66 0.991578
0.81609 66 0.991594
0.815896 66 0.991608
0.815703 66 0.991619
0.81551 66 0.991655
0.815316 66 0.991692
0.814929 66 0.99175
0.814736 66 0.991778
0.814543 66 0.991861
0.814349 66 0.991873
0.814156 66 0.99192
0.813962 66 0.991953
0.813769 66 0.991972
0.813576 66 0.991974
0.813382 66 0.991981
0.813189 66 0.992103
0.812996 66 0.992111
0.812996 65 0.992115
0.812802 65 0.992238
0.812609 65 0.992297
0.812415 65 0.992301
0.812222 65 0.992317
0.812029 65 0.992324
0.811835 65 0.99234
0.811642 65 0.992379
0.811448 65 0.992428
0.811255 65 0.992474
0.811062 65 0.992481
0.810868 65 0.992498
0.810675 65 0.9925
0.810482 65 0.992508
0.810288 65 0.992572
0.810095 65 0.992607
0.809901 65 0.992651
0.809708 65 0.992656
0.809515 65 0.992665
0.809515 64 0.992735
0.809321 64 0.992768
0.809128 64 0.992771
0.808934 64 0.992775
0.808741 64 0.992794
0.808548 64 0.992845
0.808354 64 0.992879
0.808161 64 0.992916
0.807968 64 0.992952
0.807774 64 0.992959
0.807581 64 0.992972
0.807387 64 0.992984
0.807194 64 0.993029
0.807001 64 0.993046
0.806807 64 0.993055
0.806614 64 0.993074
0.80642 64 0.993091
0.806227 64 0.993133
0.806034 64 0.993137
0.80584 64 0.993149
0.805647 64 0.993183
0.805453 64 0.993188
0.80526 64 0.993228
0.805067 64 0.993235
0.804873 64 0.993257
0.80468 64 0.99327
0.804487 64 0.993303
0.804293 64 0.993349
0.8041 64 0.993367
0.803906 64 0.993419
0.803713 64 0.993443
0.80352 64 0.993477
0.803326 64 0.993483
0.803133 64 0.993524
0.803133 63 0.993587
0.802939 63 0.993591
0.802746 63 0.993614
0.802553 63 0.993625
0.802359 63 0.993647
0.802166 63 0.993657
0.801973 63 0.993719
0.801779 63 0.99373
0.801586 63 0.993742
0.801392 63 0.993743
0.801199 63 0.993748
0.801006 63 0.993755
0.800812 63 0.993811
0.800619 63 0.993821
0.800425 63 0.993827
0.800232 63 0.993843
0.800039 63 0.993856
0.799845 63 0.993868
0.799845 62 0.993901
0.799652 62 0.993918
0.799459 62 0.993925
0.799265 62 0.993946
0.799072 62 0.993954
0.798878 62 0.993984
0.798685 62 0.994003
0.798492 62 0.994018
0.798298 62 0.994023
0.798105 62 0.994028
0.797911 62 0.994033
0.797525 62 0.994047
0.797331 62 0.994055
0.797138 62 0.994056
0.796944 62 0.994064
0.796751 62 0.994071
0.796558 62 0.994075
0.796364 62 0.994082
0.796171 62 0.994122
0.795978 62 0.994146
0.795784 62 0.994171
0.795591 62 0.994181
0.795397 62 0.9942
0.795204 62 0.994237
0.795011 62 0.994241
0.794817 62 0.99425
0.794624 62 0.994263
0.79443 62 0.994264
0.794237 62 0.994286
0.794044 62 0.994292
0.793657 62 0.994296
0.793464 62 0.994304
0.79327 62 0.994318
0.793077 62 0.994366
0.792883 62 0.994376
0.79269 62 0.994379
0.79269 61 0.994408
0.792497 61 0.994411
0.792303 61 0.994428
0.79211 61 0.994457
0.791916 61 0.994467
0.791723 61 0.994477
0.791723 60 0.994511
0.79153 60 0.994535
0.791336 60 0.994536
0.791143 60 0.994548
0.79095 60 0.99455
0.790756 60 0.994553
0.790563 60 0.994558
0.790369 60 0.994603
0.790176 60 0.99461
0.790176 59 0.994692
0.789983 59 0.994726
0.789789 59 0.99476
0.789596 59 0.994785
0.789402 59 0.994829
0.789209 59 0.994838
0.789016 59 0.994873
0.788822 59 0.994886
0.788629 59 0.994898
0.788436 59 0.994935
0.788242 59 0.994939
0.788242 58 0.994944
0.788049 58 0.994946
0.787855 58 0.994978
0.787662 58 0.994982
0.787275 58 0.995003
0.787082 58 0.995006
0.786888 58 0.99502
0.786695 58 0.995056
0.786502 58 0.995093
0.786308 58 0.995123
0.786115 58 0.995131
0.785921 58 0.995134
0.785728 58 0.995148
0.785535 58 0.995156
0.785341 58 0.995171
0.785148 58 0.995176
0.784955 58 0.995206
0.784761 58 0.995207
0.784568 58 0.99522
0.784374 58 0.995242
0.784374 57 0.995247
0.784181 57 0.995248
0.783988 57 0.99525
0.783794 57 0.995268
0.783601 57 0.995282
0.783601 56 0.995302
0.783407 56 0.995309
0.783214 56 0.995365
0.783021 56 0.995368
0.782827 56 0.995385
0.782634 56 0.995401
0.782441 56 0.995439
0.782247 56 0.995446
0.782054 56 0.995457
0.78186 56 0.995473
0.781667 56 0.995481
0.781474 56 0.995486
0.78128 56 0.995498
0.781087 56 0.995504
0.780893 56 0.995508
0.7807 56 0.995512
0.780507 56 0.995517
0.780313 56 0.995522
0.78012 56 0.995549
0.779927 56 0.995568
0.779733 56 0.995591
0.779346 56 0.995593
0.779153 56 0.995602
0.77896 56 0.995604
0.778766 56 0.995621
0.778573 56 0.995635
0.778186 56 0.995637
0.777993 56 0.99567
0.777799 56 0.995679
0.777606 56 0.99568
0.777412 56 0.995694
0.777219 56 0.99571
0.777026 56 0.995717
0.776832 56 0.995725
0.776639 56 0.99573
0.776446 56 0.995755
0.776252 56 0.995787
0.776059 56 0.995795
0.775865 56 0.995822
0.775672 56 0.995841
0.775479 56 0.995845
0.775285 56 0.995899
0.774898 56 0.995902
0.774705 56 0.995914
0.774512 56 0.995932
0.774318 56 0.995941
0.774125 56 0.995947
0.773932 56 0.99596
0.773738 56 0.995985
0.773545 56 0.995991
0.773351 56 0.995996
0.773158 56 0.995997
0.772965 56 0.996006
0.772771 56 0.99607
0.772578 56 0.996102
0.772384 56 0.996115
0.772191 56 0.996122
0.771998 56 0.996129
0.771804 56 0.996131
0.771611 56 0.996137
0.771418 56 0.996146
0.771224 56 0.996156
0.771031 56 0.996161
0.770837 56 0.996178
0.770644 56 0.99619
0.770644 55 0.996195
0.770451 55 0.9962
0.770257 55 0.996203
0.770064 55 0.996209
0.76987 55 0.996218
0.769677 55 0.99622
0.769484 55 0.996238
0.76929 55 0.996243
0.769097 55 0.996268
0.768904 55 0.996284
0.76871 55 0.996297
0.768517 55 0.996316
0.768323 55 0.996329
0.76813 55 0.996332
0.76813 54 0.996339
0.767937 54 0.99634
0.767743 54 0.996347
0.76755 54 0.996365
0.767163 54 0.996385
0.76697 54 0.996417
0.766776 54 0.99642
0.766583 54 0.996423
0.766389 54 0.996433
0.766196 54 0.996451
0.766003 54 0.996455
0.765809 54 0.996456
0.765616 54 0.996459
0.765423 54 0.996481
0.765229 54 0.996491
0.765036 54 0.996495
0.764842 54 0.996508
0.764649 54 0.996511
0.764456 54 0.996516
0.764262 54 0.996518
0.764069 54 0.996521
0.763875 54 0.996526
0.763682 54 0.996531
0.763489 54 0.99654
0.763295 54 0.996565
0.763102 54 0.996574
0.762909 54 0.996581
0.762715 54 0.996595
0.762522 54 0.9966
0.762328 54 0.996622
0.762135 54 0.996624
0.761942 54 0.996625
0.761748 54 0.996646
0.761361 54 0.996648
0.761168 54 0.996657
0.760975 54 0.996664
0.760781 54 0.996694
0.760588 54 0.996699
0.760395 54 0.996726
0.760201 54 0.996727
0.760008 54 0.99673
0.759814 54 0.996732
0.759621 54 0.996746
0.759428 54 0.996764
0.759234 54 0.996776
0.759041 54 0.996779
0.758847 54 0.996782
0.758654 54 0.996787
0.758461 54 0.99681
0.758267 54 0.996811
0.758074 54 0.996832
0.75788 54 0.996839
0.757687 54 0.996846
0.7573 54 0.996849
0.757107 54 0.996851
0.756914 54 0.996872
0.75672 54 0.996876
0.756527 54 0.996879
0.756333 54 0.996882
0.75614 54 0.996912
0.755753 54 0.996913
0.75556 54 0.996915
0.755366 54 0.996917
0.755173 54 0.996923
0.754786 54 0.996926
0.754593 54 0.996938
0.7544 54 0.99694
0.754206 54 0.996954
0.754013 54 0.99696
0.753819 54 0.996968
0.753626 54 0.996973
0.753433 54 0.996982
0.753239 54 0.996987
0.753046 54 0.997006
0.752852 54 0.997019
0.752659 54 0.99703
0.752466 54 0.997038
0.752272 54 0.997044
0.752079 54 0.99706
0.751886 54 0.997061
0.751692 54 0.997068
0.751499 54 0.997074
0.751305 54 0.997099
0.751112 54 0.997103
0.750919 54 0.997131
0.750725 54 0.997134
0.750532 54 0.997138
0.750338 54 0.997156
0.750145 54 0.997161
0.749952 54 0.997165
0.749758 54 0.997177
0.749565 54 0.997178
0.749565 53 0.997182
0.749371 53 0.997183
0.749178 53 0.997187
0.748985 53 0.997191
0.748598 53 0.997198
0.748405 53 0.997207
0.748211 53 0.997225
0.748018 53 0.997226
0.747824 53 0.997228
0.747631 53 0.997237
0.747438 53 0.997238
0.747244 53 0.997244
0.747051 53 0.99725
0.746471 53 0.997254
0.746277 53 0.997263
0.746084 53 0.997267
0.745891 52 0.997269
0.745697 52 0.997276
0.745504 52 0.997284
0.74531 52 0.997302
0.745117 52 0.997304
0.744924 52 0.997311
0.744537 52 0.997326
0.744343 52 0.997335
0.743957 52 0.997345
0.743763 52 0.997351
0.74357 52 0.997376
0.743377 52 0.99739
0.743183 52 0.997397
0.74299 52 0.997423
0.742796 52 0.997424
0.742603 52 0.997428
0.74241 52 0.99743
0.742216 52 0.997432
0.742023 52 0.997433
0.741829 52 0.997436
0.741636 52 0.997441
0.741249 52 0.997451
0.741056 52 0.997455
0.740863 52 0.997458
0.740669 52 0.997459
0.740282 52 0.997462
0.740089 52 0.997472
0.739896 52 0.997474
0.739702 52 0.997475
0.739509 52 0.997476
0.739315 52 0.997478
0.739122 52 0.997486
0.738929 52 0.997488
0.738735 52 0.997493
0.738542 52 0.997498
0.738542 51 0.997507
0.738348 51 0.997513
0.738348 50 0.997514
0.738155 50 0.997519
0.737962 50 0.997525
0.737768 50 0.997526
0.737575 50 0.997535
0.737382 50 0.99754
0.737188 50 0.99755
0.736995 50 0.997554
0.736801 50 0.997557
0.736608 50 0.997571
0.736415 50 0.997574
0.736221 50 0.997579
0.736028 50 0.99758
0.735834 50 0.997581
0.735641 50 0.997582
0.735448 50 0.99759
0.735254 50 0.997593
0.735061 50 0.997595
0.734868 50 0.9976
0.734481 50 0.997605
0.734287 50 0.997633
0.734094 50 0.997636
0.733901 50 0.99764
0.733707 50 0.997648
0.733514 50 0.997651
0.73332 50 0.997658
0.733127 50 0.997666
0.732934 50 0.99767
0.73274 50 0.99768
0.732547 50 0.997686
0.732354 50 0.997688
0.73216 50 0.997689
0.731967 50 0.99769
0.73158 50 0.997691
0.731387 50 0.997707
0.731193 50 0.997712
0.731 50 0.997715
0.730806 50 0.997718
0.730613 50 0.997726
0.73042 50 0.997728
0.73042 49 0.997737
0.730226 49 0.997759
0.730033 49 0.99776
0.729839 49 0.99777
0.729646 49 0.997772
0.729453 49 0.997775
0.729259 49 0.997789
0.729066 49 0.997795
0.728679 49 0.997806
0.728486 49 0.997809
0.728099 49 0.997811
0.727906 49 0.997815
0.727712 49 0.997816
0.727519 49 0.99782
0.727325 49 0.997831
0.727132 49 0.997837
0.726939 49 0.997844
0.726552 49 0.997847
0.726359 49 0.997858
0.725972 49 0.997869
0.725778 49 0.997871
0.725585 49 0.997879
0.725392 49 0.997883
0.725198 49 0.997885
0.725005 49 0.99789
0.724811 49 0.997891
0.724618 49 0.997895
0.724425 49 0.997896
0.724231 49 0.997901
0.724038 49 0.997909
0.723845 49 0.997913
0.723651 49 0.997919
0.723458 49 0.997928
0.723264 49 0.997936
0.723071 49 0.997951
0.722878 49 0.997956
0.722684 49 0.99796
0.722491 49 0.997964
0.722297 49 0.997967
0.722104 49 0.997981
0.721717 49 0.997991
0.721524 49 0.997992
0.72133 49 0.998014
0.721137 49 0.998018
0.720944 49 0.998038
0.72075 49 0.998041
0.720557 49 0.998046
0.720364 49 0.998051
0.72017 49 0.998052
0.719977 49 0.998061
0.719783 49 0.998068
0.71959 49 0.998071
0.719397 49 0.99808
0.719203 49 0.998086
0.71901 49 0.998096
0.718816 49 0.998098
0.718623 49 0.998101
0.71843 49 0.998105
0.718236 49 0.998111
0.718043 49 0.998113
0.71785 49 0.998132
0.717656 49 0.998136
0.717463 49 0.998145
0.717076 49 0.998146
0.716883 49 0.99815
0.716689 49 0.998162
0.716496 49 0.998173
0.716302 49 0.998191
0.716109 49 0.998193
0.715916 49 0.998196
0.715722 49 0.998199
0.715529 49 0.998201
0.715336 49 0.998208
0.714949 49 0.998211
0.714755 49 0.998215
0.714369 49 0.998218
0.714175 49 0.99822
0.713982 49 0.998221
0.713788 49 0.998224
0.713595 49 0.998229
0.713402 49 0.99823
0.713208 49 0.998236
0.713015 49 0.998243
0.712822 49 0.998245
0.712628 49 0.998247
0.712435 49 0.998254
0.712241 49 0.998256
0.712048 49 0.998259
0.711855 49 0.998262
0.711661 49 0.998263
0.711468 49 0.998266
0.711274 49 0.998271
0.711081 49 0.998273
0.710888 49 0.998275
0.710694 49 0.998285
0.710501 49 0.998292
0.710307 49 0.998309
0.710114 49 0.998314
0.709727 49 0.998324
0.709534 49 0.998327
0.709341 49 0.998328
0.709147 49 0.998332
0.708954 49 0.998333
0.70876 49 0.998336
0.708567 49 0.998338
0.708374 49 0.998342
0.70818 49 0.998348
0.707987 49 0.998351
0.707987 48 0.998354
0.7076 48 0.998358
0.707407 48 0.99836
0.707213 48 0.998368
0.70702 48 0.99837
0.706827 48 0.998374
0.706633 48 0.998383
0.706633 47 0.998386
0.70644 47 0.99839
0.706246 47 0.998393
0.706053 47 0.998406
0.70586 47 0.998409
0.705666 47 0.99841
0.705473 47 0.998417
0.705279 47 0.998427
0.704893 47 0.99843
0.704699 47 0.998431
0.704313 47 0.998436
0.704119 47 0.998442
0.703539 47 0.998447
0.703152 47 0.998448
0.702959 47 0.99845
0.702765 47 0.998455
0.702572 47 0.998457
0.702185 47 0.998458
0.701992 47 0.998459
0.701798 47 0.99846
0.701605 47 0.998462
0.701412 47 0.998466
0.701218 47 0.998467
0.701025 47 0.998468
0.700832 47 0.998469
0.700638 47 0.998472
0.700445 47 0.998476
0.700251 47 0.998478
0.700058 47 0.99848
0.699671 47 0.998481
0.699284 47 0.998484
0.699091 47 0.998492
0.698898 47 0.998495
0.698704 47 0.998497
0.698511 47 0.998499
0.698318 47 0.998502
0.698124 47 0.998503
0.697737 47 0.998505
0.697544 47 0.998509
0.697157 47 0.998514
0.696964 47 0.998515
0.69677 47 0.998519
0.696577 47 0.998523
0.696384 47 0.998524
0.69619 47 0.998525
0.695997 47 0.99853
0.695804 47 0.998534
0.69561 47 0.998539
0.695417 47 0.99854
0.695223 47 0.998543
0.69503 47 0.998544
0.694837 47 0.998552
0.694643 47 0.998555
0.69445 47 0.998556
0.694256 47 0.998558
0.694063 47 0.998559
0.69387 47 0.99856
0.693676 47 0.998561
0.693483 47 0.998563
0.693289 47 0.998564
0.693096 47 0.998566
0.692903 47 0.998574
0.692709 47 0.998577
0.692516 47 0.998579
0.692323 47 0.99858
0.692129 47 0.998581
0.691936 47 0.998582
0.691742 47 0.998584
0.691549 47 0.998596
0.691356 47 0.998599
0.690969 47 0.998605
0.690969 46 0.998607
0.690775 46 0.998608
0.690582 46 0.998609
0.690389 46 0.99861
0.690195 46 0.998612
0.690002 46 0.998615
0.689809 46 0.998618
0.689615 46 0.998619
0.689422 46 0.998621
0.689228 46 0.998625
0.689035 46 0.998632
0.688648 46 0.998634
0.688455 46 0.99864
0.688261 46 0.998642
0.687681 46 0.998645
0.687295 46 0.998647
0.687101 46 0.99865
0.686908 46 0.998656
0.686714 46 0.998659
0.686328 46 0.99866
0.686134 46 0.998671
0.685941 46 0.998675
0.685747 46 0.998677
0.685361 46 0.998684
0.685167 46 0.998687
0.684781 46 0.998688
0.684587 46 0.99869
0.684394 46 0.998692
0.6842 46 0.998693
0.684007 46 0.998695
0.684007 45 0.998697
0.683814 45 0.998709
0.68362 45 0.998713
0.683427 45 0.998714
0.683233 45 0.998717
0.68304 45 0.998721
0.682847 45 0.998722
0.682653 45 0.998723
0.68246 45 0.998725
0.682266 45 0.99873
0.682073 45 0.998733
0.68188 45 0.998734
0.681493 45 0.998735
0.6813 45 0.998738
0.681106 45 0.998739
0.680913 45 0.99874
0.680526 45 0.998742
0.680333 45 0.998743
0.680139 45 0.998744
0.679946 45 0.998746
0.679559 45 0.998747
0.679366 45 0.998748
0.679172 45 0.998751
0.678979 45 0.998752
0.678592 45 0.998755
0.678205 45 0.998756
0.678012 45 0.998757
0.677819 45 0.998758
0.677625 45 0.998763
0.677432 45 0.998764
0.677045 45 0.99877
0.676852 45 0.998771
0.676658 45 0.998774
0.676465 45 0.998775
0.676078 45 0.998776
0.675691 45 0.998779
0.675305 45 0.99878
0.675111 45 0.998781
0.674531 45 0.998782
0.674338 45 0.998783
0.674144 45 0.998786
0.673951 45 0.998787
0.673757 45 0.998788
0.673564 45 0.998791
0.673371 45 0.998793
0.673177 45 0.998794
0.672984 45 0.998799
0.672791 45 0.9988
0.672597 45 0.998807
0.672404 45 0.998809
0.67221 45 0.99881
0.672017 45 0.998811
0.671824 45 0.998819
0.67163 45 0.998824
0.671437 45 0.998827
0.671243 45 0.998834
0.67105 45 0.998836
0.670663 45 0.998838
0.67047 45 0.998839
0.670083 45 0.998843
0.66989 45 0.998851
0.669696 45 0.998853
0.669503 45 0.998854
0.66931 45 0.998856
0.668923 45 0.998857
0.668729 45 0.998862
0.668536 45 0.998863
0.668343 45 0.998872
0.667956 44 0.998875
0.667763 44 0.998876
0.667569 44 0.998878
0.667376 44 0.998885
0.666989 44 0.998887
0.666796 44 0.998888
0.666602 44 0.998891
0.666409 44 0.9989
0.666215 44 0.998901
0.666022 44 0.998902
0.665829 44 0.998903
0.665249 44 0.998906
0.665055 44 0.99891
0.664862 44 0.998916
0.664668 44 0.99892
0.664475 44 0.998924
0.664282 44 0.998926
0.663701 44 0.998928
0.663508 44 0.998933
0.663315 44 0.998935
0.662928 44 0.998936
0.662734 44 0.998941
0.662541 44 0.998944
0.661961 44 0.998946
0.661768 44 0.998947
0.661381 44 0.998949
0.661187 44 0.99895
0.660994 44 0.998951
0.660801 44 0.998953
0.660607 44 0.998954
0.660414 44 0.998956
0.66022 44 0.998957
0.660027 44 0.998958
0.659834 44 0.998961
0.65964 44 0.998962
0.659447 44 0.998964
0.659254 44 0.998967
0.65906 44 0.998969
0.65848 44 0.99897
0.658287 44 0.998976
0.658093 44 0.998978
0.6579 44 0.998981
0.657706 44 0.998983
0.657513 44 0.998984
0.657126 44 0.998987
0.656933 44 0.998988
0.65674 44 0.998989
0.656546 44 0.998992
0.656159 44 0.998996
0.655966 44 0.999
0.655579 44 0.999001
0.655192 44 0.999002
0.654999 44 0.999009
0.654806 44 0.999013
0.654612 44 0.999017
0.654419 44 0.999018
0.654225 44 0.999021
0.654032 44 0.999027
0.653839 44 0.99903
0.653645 44 0.999031
0.653452 44 0.999032
0.653259 44 0.999035
0.653065 44 0.999036
0.652872 44 0.999041
0.652485 44 0.999042
0.652292 44 0.999043
0.652098 44 0.999045
0.651905 44 0.999048
0.651711 44 0.999049
0.651325 44 0.999051
0.651131 44 0.999052
0.650938 44 0.999053
0.650745 44 0.999058
0.650358 44 0.999059
0.650164 44 0.99906
0.649778 44 0.999062
0.649391 44 0.999065
0.649197 44 0.999066
0.649004 44 0.999067
0.648617 44 0.999068
0.648231 44 0.999069
0.648037 44 0.99907
0.648037 43 0.999071
0.64765 43 0.999072
0.647457 43 0.999074
0.647264 43 0.999075
0.64707 43 0.999078
0.646683 43 0.999085
0.64649 43 0.999086
0.646103 43 0.999087
0.64591 43 0.999091
0.645523 43 0.999092
0.64533 43 0.999093
0.645136 43 0.999094
0.644943 43 0.999097
0.64475 43 0.999103
0.644556 43 0.999104
0.643976 43 0.999109
0.643589 43 0.999114
0.643009 43 0.999115
0.642622 43 0.999116
0.642429 43 0.999119
0.642042 43 0.999121
0.641849 43 0.999125
0.641655 43 0.999127
0.641462 43 0.999131
0.641269 43 0.999132
0.640882 43 0.999141
0.640688 43 0.999144
0.640302 43 0.999145
0.640108 43 0.999146
0.639722 43 0.999147
0.639528 43 0.999148
0.639141 43 0.999153
0.638948 43 0.999155
0.638561 43 0.999158
0.638368 43 0.999159
0.638174 43 0.999161
0.637981 43 0.999163
0.637788 43 0.999164
0.637594 43 0.999165
0.637401 43 0.999166
0.637208 43 0.999168
0.636821 43 0.999172
0.636627 43 0.999173
0.636434 43 0.999174
0.636241 43 0.999177
0.636047 43 0.999178
0.63566 43 0.999179
0.63508 43 0.999181
0.634887 43 0.999182
0.634693 43 0.999185
0.6345 43 0.999187
0.634113 43 0.99919
0.63392 43 0.999191
0.633727 43 0.999192
0.633146 43 0.999193
0.632953 43 0.999196
0.63276 43 0.999197
0.632566 43 0.999199
0.632373 43 0.9992
0.631986 43 0.999203
0.631793 43 0.999204
0.631599 43 0.99921
0.631213 43 0.999212
0.631019 43 0.999213
0.630826 43 0.999214
0.630439 43 0.999215
0.630052 43 0.999216
0.629859 43 0.999217
0.629665 43 0.99922
0.629472 43 0.999221
0.629472 42 0.999224
0.629279 42 0.999228
0.629085 42 0.999229
0.628892 42 0.99923
0.628699 42 0.999231
0.628505 42 0.999232
0.628312 42 0.999234
0.627925 42 0.999235
0.627732 42 0.999236
0.627538 42 0.999238
0.627151 42 0.999241
0.626958 42 0.999242
0.626765 42 0.999243
0.626378 42 0.999244
0.626184 42 0.999245
0.625798 42 0.999246
0.625604 42 0.999247
0.625024 42 0.999248
0.624831 42 0.99925
0.624444 42 0.999251
0.624251 42 0.999252
0.624057 42 0.999256
0.62367 42 0.999261
0.623477 42 0.999262
0.623284 42 0.999263
0.62309 42 0.999264
0.622897 42 0.999266
0.622704 41 0.999267
0.62251 41 0.999269
0.622317 41 0.99927
0.622123 41 0.999271
0.62193 41 0.999276
0.621737 41 0.99928
0.621543 41 0.999281
0.62135 41 0.999283
0.621156 41 0.999284
0.620383 41 0.999285
0.62019 41 0.999286
0.619996 41 0.999287
0.619803 41 0.999288
0.619609 41 0.999289
0.619223 41 0.999291
0.619029 41 0.999292
0.618836 41 0.999294
0.618642 41 0.999296
0.618449 41 0.999298
0.618062 41 0.999299
0.617675 41 0.9993
0.617482 41 0.999302
0.617289 41 0.999304
0.617095 41 0.999305
0.616902 41 0.999306
0.616709 41 0.999307
0.616322 41 0.999308
0.615742 41 0.999312
0.615548 41 0.999313
0.615355 41 0.999316
0.615161 41 0.999318
0.614775 41 0.99932
0.614195 41 0.999321
0.614001 41 0.999322
0.613808 41 0.999323
0.613034 41 0.999325
0.612647 41 0.999326
0.612261 41 0.99933
0.612067 41 0.999331
0.611681 41 0.999334
0.611294 41 0.999335
0.610907 41 0.999336
0.610714 41 0.999339
0.61052 41 0.99934
0.610327 41 0.999342
0.610133 41 0.999344
0.60994 41 0.999346
0.609747 41 0.999347
0.609553 41 0.999348
0.609167 41 0.999349
0.60878 41 0.99935
0.608393 41 0.999351
0.6082 41 0.999355
0.608006 41 0.999356
0.607813 41 0.999359
0.607426 41 0.99936
0.607426 40 0.999361
0.607233 40 0.999362
0.606652 40 0.999363
0.606459 40 0.999364
0.606072 40 0.999365
0.605879 40 0.999367
0.605686 40 0.999369
0.605492 40 0.99937
0.605105 40 0.999371
0.604719 40 0.999373
0.604525 40 0.999374
0.604332 40 0.999375
0.604138 40 0.999376
0.603752 40 0.999378
0.603558 40 0.999379
0.603365 40 0.99938
0.603172 40 0.999382
0.602978 40 0.999383
0.602591 40 0.999385
0.602205 40 0.999388
0.601818 40 0.99939
0.601431 40 0.999392
0.601238 40 0.999393
0.601044 40 0.999396
0.600851 40 0.999399
0.600464 40 0.9994
0.600077 40 0.999401
0.599884 40 0.999403
0.599304 40 0.999404
0.598917 40 0.999406
0.598724 40 0.999408
0.598337 40 0.999411
0.59795 40 0.999415
0.597757 40 0.999416
0.597563 40 0.999418
0.59737 40 0.999419
0.596983 40 0.999421
0.59621 40 0.999422
0.596016 40 0.999424
0.595823 40 0.999426
0.595629 40 0.999427
0.595243 40 0.99943
0.595049 40 0.999432
0.594856 40 0.999433
0.594663 40 0.999435
0.594469 40 0.999438
0.594082 40 0.999439
0.593889 40 0.99944
0.593696 40 0.999442
0.593502 40 0.999444
0.593309 40 0.999445
0.593115 40 0.999446
0.592922 40 0.999447
0.592535 40 0.999448
0.592342 40 0.999449
0.592149 40 0.99945
0.591762 40 0.999451
0.591182 40 0.999452
0.590988 40 0.999455
0.590795 40 0.999458
0.590408 40 0.99946
0.590215 40 0.999462
0.590021 40 0.999465
0.589828 40 0.999466
0.589635 40 0.999468
0.589054 40 0.999469
0.588861 40 0.99947
0.588474 40 0.999471
0.588281 39 0.999472
0.588087 39 0.999474
0.587701 39 0.999475
0.587314 39 0.999477
0.58712 39 0.999481
0.586927 39 0.999482
0.586734 39 0.999483
0.586154 39 0.999484
0.58596 39 0.999485
0.585573 39 0.999488
0.585187 39 0.99949
0.584993 39 0.999491
0.58422 39 0.999492
0.583833 39 0.999493
0.58364 39 0.999494
0.583253 39 0.999495
0.583059 39 0.999496
0.582866 39 0.999498
0.582673 39 0.999499
0.582092 39 0.9995
0.581706 39 0.999501
0.581512 39 0.999502
0.581126 39 0.999503
0.580932 39 0.999506
0.580739 39 0.999507
0.580545 39 0.999508
0.580352 39 0.999509
0.579578 39 0.99951
0.579192 39 0.999511
0.578998 39 0.999512
0.578805 39 0.999513
0.578418 39 0.999514
0.578031 39 0.999518
0.577451 39 0.999519
0.577258 39 0.99952
0.576871 39 0.999522
0.576291 39 0.999523
0.576097 39 0.999524
0.575904 39 0.999525
0.575711 39 0.999526
0.575131 39 0.999527
0.57455 39 0.999529
0.574357 39 0.99953
0.574164 39 0.999531
0.57397 39 0.999532
0.573777 39 0.999533
0.57339 39 0.999537
0.573197 39 0.999538
0.57281 39 0.999539
0.572617 39 0.99954
0.57223 39 0.999542
0.572036 39 0.999543
0.571843 39 0.999544
0.571456 39 0.999545
0.570876 39 0.999546
0.570102 39 0.999547
0.569909 39 0.999549
0.569329 39 0.999552
0.568942 39 0.999553
0.568362 39 0.999556
0.568169 39 0.999558
0.567782 39 0.999559
0.567588 39 0.99956
0.567395 39 0.999561
0.567008 39 0.999562
0.566428 39 0.999563
0.566041 39 0.999564
0.565655 39 0.999565
0.565461 39 0.999568
0.565268 39 0.999569
0.564881 38 0.99957
0.564494 38 0.999572
0.564301 38 0.999573
0.564108 38 0.999574
0.563527 38 0.999575
0.563334 38 0.999576
0.563141 38 0.999577
0.562174 38 0.999578
0.561787 38 0.999579
0.5614 38 0.99958
0.561207 38 0.999582
0.560627 38 0.999583
0.56024 38 0.999584
0.560046 38 0.999585
0.55966 38 0.999586
0.559273 38 0.999587
0.559079 38 0.999588
0.558886 38 0.999589
0.558499 38 0.999591
0.557726 38 0.999592
0.557532 38 0.999593
0.557339 38 0.999594
0.557146 38 0.999597
0.556952 38 0.999598
0.556759 38 0.999599
0.556179 38 0.9996
0.555405 38 0.999601
0.555212 38 0.999602
0.554825 38 0.999603
0.554632 38 0.999604
0.554245 38 0.999605
0.554051 38 0.999607
0.553278 38 0.999608
0.552891 38 0.99961
0.552504 38 0.999611
0.552118 38 0.999612
0.551924 37 0.999613
0.551731 36 0.999614
0.551151 36 0.999615
0.550957 36 0.999616
0.550764 36 0.999617
0.55057 36 0.999618
0.550184 36 0.999619
0.549797 36 0.99962
0.549217 36 0.999621
0.549023 36 0.999622
0.548637 36 0.999623
0.548443 36 0.999624
0.54825 36 0.999625
0.548056 36 0.999626
0.547863 36 0.999627
0.547283 36 0.999628
0.54709 36 0.999629
0.546703 36 0.999631
0.546316 36 0.999632
0.546123 36 0.999635
0.545349 36 0.999636
0.544769 36 0.999637
0.544576 36 0.999639
0.543802 36 0.99964
0.543609 36 0.999641
0.543415 36 0.999642
0.543028 36 0.999643
0.542642 36 0.999645
0.542255 36 0.999646
0.542061 36 0.999647
0.541675 36 0.999649
0.541481 36 0.999651
0.540708 36 0.999652
0.540514 36 0.999653
0.540128 36 0.999654
0.539354 36 0.999655
0.538581 36 0.999656
0.538387 36 0.999659
0.538194 36 0.99966
0.537807 36 0.999661
0.537614 36 0.999662
0.537227 36 0.999663
0.53684 36 0.999664
0.536453 36 0.999666
0.53626 36 0.999667
0.536067 36 0.999668
0.535873 36 0.999669
0.5351 36 0.99967
0.534519 36 0.999671
0.534133 36 0.999672
0.533939 36 0.999673
0.533359 36 0.999674
0.532972 36 0.999675
0.532392 36 0.999676
0.532005 36 0.999677
0.531812 36 0.999678
0.531619 36 0.999679
0.531232 36 0.99968
0.530652 36 0.999681
0.530265 36 0.999682
0.530072 36 0.999683
0.529878 36 0.999684
0.529685 36 0.999685
0.529298 36 0.999686
0.528911 36 0.999687
0.528718 36 0.999688
0.527944 36 0.999689
0.527171 36 0.99969
0.526784 36 0.999691
0.526591 36 0.999692
0.526204 36 0.999693
0.525624 36 0.999694
0.525044 36 0.999695
0.524463 36 0.999696
0.524077 36 0.999698
0.52369 36 0.999699
0.523303 36 0.9997
0.522916 36 0.999701
0.522723 36 0.999702
0.522529 36 0.999703
0.522143 36 0.999704
0.521949 36 0.999705
0.521563 36 0.999706
0.520982 36 0.999707
0.520596 36 0.999708
0.520209 36 0.999709
0.520015 36 0.99971
0.519822 36 0.999711
0.519242 36 0.999712
0.519049 36 0.999713
0.518662 36 0.999714
0.518082 36 0.999715
0.517888 36 0.999716
0.517695 36 0.999717
0.517308 36 0.999718
0.517115 36 0.999719
0.516148 36 0.99972
0.515568 36 0.999721
0.515374 36 0.999722
0.515181 36 0.999724
0.514601 36 0.999725
0.513827 36 0.999726
0.513634 36 0.999727
0.513247 36 0.999728
0.512667 36 0.999729
0.512473 36 0.99973
0.512087 36 0.999731
0.511506 36 0.999733
0.511313 36 0.999734
0.510733 35 0.999735
0.510153 35 0.999736
0.509766 35 0.999737
0.509186 35 0.999738
0.508992 35 0.99974
0.508606 35 0.999741
0.508026 35 0.999742
0.507445 35 0.999743
0.506672 35 0.999744
0.506478 35 0.999745
0.505318 35 0.999746
0.504545 35 0.999747
0.503191 35 0.999748
0.502417 35 0.99975
0.501257 35 0.999751
0.50087 35 0.999752
0.50029 35 0.999753
0.499517 35 0.999754
0.499323 35 0.999755
0.49913 35 0.999756
0.49855 35 0.999757
0.497776 35 0.999758
0.496809 35 0.999759
0.496036 35 0.999761
0.495842 35 0.999762
0.495262 35 0.999763
0.494682 35 0.999764
0.493522 35 0.999765
0.492941 35 0.999766
0.492555 35 0.999767
0.491781 35 0.999768
0.490814 35 0.999769
0.490427 35 0.99977
0.489847 35 0.999771
0.489654 35 0.999772
0.489267 35 0.999773
0.488687 35 0.999774
0.4883 35 0.999775
0.48772 35 0.999777
0.487333 35 0.999778
0.48656 35 0.999779
0.48598 35 0.99978
0.485593 35 0.999781
0.484626 35 0.999782
0.483852 35 0.999783
0.483659 35 0.999784
0.483465 35 0.999785
0.482692 34 0.999786
0.482112 34 0.999787
0.481918 34 0.999788
0.481145 34 0.999789
0.480371 34 0.99979
0.479985 34 0.999791
0.479791 34 0.999792
0.478631 34 0.999793
0.478244 34 0.999794
0.477471 34 0.999795
0.476697 34 0.999796
0.476117 34 0.999797
0.475537 34 0.999798
0.47399 34 0.999799
0.473216 34 0.9998
0.472442 34 0.999801
0.471282 34 0.999803
0.470122 34 0.999805
0.468962 34 0.999806
0.468188 34 0.999807
0.467608 34 0.999808
0.467028 34 0.999809
0.466447 34 0.99981
0.465287 34 0.999811
0.464127 34 0.999812
0.46374 34 0.999813
0.463353 34 0.999814
0.462967 34 0.999815
0.46258 34 0.999816
0.461806 34 0.999817
0.461226 34 0.999818
0.461033 34 0.999819
0.460453 34 0.99982
0.459872 34 0.999821
0.459486 34 0.999822
0.459099 34 0.999823
0.458519 33 0.999824
0.458132 33 0.999825
0.457552 33 0.999826
0.457165 33 0.999827
0.455618 33 0.999828
0.454651 33 0.999829
0.453491 33 0.99983
0.452524 33 0.999831
0.451944 33 0.999832
0.45059 33 0.999833
0.449816 32 0.999834
0.449236 32 0.999835
0.448463 32 0.999836
0.447882 32 0.999837
0.447302 32 0.999838
0.446142 32 0.999839
0.445949 32 0.99984
0.444595 32 0.999841
0.444015 32 0.999842
0.443435 32 0.999843
0.442274 32 0.999844
0.441694 31 0.999845
0.440921 31 0.999846
0.440147 31 0.999847
0.43918 31 0.999848
0.438406 31 0.999849
0.437246 31 0.99985
0.436666 31 0.999851
0.436279 31 0.999852
0.435506 31 0.999853
0.435119 31 0.999854
0.434926 31 0.999855
0.434345 31 0.999856
0.433378 31 0.999857
0.432412 31 0.999858
0.432025 31 0.999859
0.431445 31 0.99986
0.431251 31 0.999861
0.430478 31 0.999862
0.429704 31 0.999863
0.428737 31 0.999864
0.42835 31 0.999865
0.427577 31 0.999866
0.42719 31 0.999867
0.42603 31 0.999868
0.42545 30 0.999869
0.424289 30 0.99987
0.422742 30 0.999871
0.421775 30 0.999872
0.420808 30 0.999873
0.419841 30 0.999874
0.418681 30 0.999875
0.418101 30 0.999876
0.41636 30 0.999877
0.4152 30 0.999878
0.41462 30 0.999879
0.413653 29 0.99988
0.412493 29 0.999881
0.411719 29 0.999882
0.410365 29 0.999883
0.409012 29 0.999884
0.407851 29 0.999885
0.406691 29 0.999886
0.406111 29 0.999887
0.404757 28 0.999888
0.403597 28 0.999889
0.40263 28 0.99989
0.40147 28 0.999891
0.400503 28 0.999892
0.399536 28 0.999893
0.397795 28 0.999894
0.396442 28 0.999895
0.394895 27 0.999896
0.393928 27 0.999897
0.391994 27 0.999898
0.390833 27 0.999899
0.39006 26 0.9999
0.389093 26 0.999901
0.388126 26 0.999902
0.385999 26 0.999903
0.384645 26 0.999904
0.383678 26 0.999905
0.382711 26 0.999906
0.381938 26 0.999907
0.380777 26 0.999908
0.37923 26 0.999909
0.37807 26 0.99991
0.376136 26 0.999911
0.374782 26 0.999912
0.374202 26 0.999913
0.372849 26 0.999914
0.372075 26 0.999915
0.370915 25 0.999916
0.369754 25 0.999917
0.368401 25 0.999918
0.367047 25 0.999919
0.365113 25 0.99992
0.363759 25 0.999921
0.361632 25 0.999922
0.360278 25 0.999923
0.358538 25 0.999924
0.357378 25 0.999925
0.355444 25 0.999926
0.354477 25 0.999927
0.35293 25 0.999928
0.351189 25 0.999929
0.350222 25 0.99993
0.349255 24 0.999931
0.347128 24 0.999932
0.345194 24 0.999933
0.34326 24 0.999934
0.341327 24 0.999935
0.34036 24 0.999936
0.338039 24 0.999937
0.336492 24 0.999938
0.335332 24 0.999939
0.334365 23 0.99994
0.333011 23 0.999941
0.331657 23 0.999942
0.33011 22 0.999943
0.327983 22 0.999944
0.326823 22 0.999945
0.324502 22 0.999946
0.323148 22 0.999947
0.322181 22 0.999948
0.320054 21 0.999949
0.318507 21 0.99995
0.316767 21 0.999951
0.313286 21 0.999952
0.311352 21 0.999953
0.309031 21 0.999954
0.307871 21 0.999955
0.30613 21 0.999956
0.303423 21 0.999957
0.301296 21 0.999958
0.298975 20 0.999959
0.296654 20 0.99996
0.294527 20 0.999961
0.292207 20 0.999962
0.290079 20 0.999963
0.288145 20 0.999964
0.284278 20 0.999965
0.281377 20 0.999966
0.27867 20 0.999967
0.274608 20 0.999968
0.272481 20 0.999969
0.269387 19 0.99997
0.264939 19 0.999971
0.261845 19 0.999972
0.258751 19 0.999973
0.25585 19 0.999974
0.251595 19 0.999975
0.248501 19 0.999976
0.244827 18 0.999977
0.239605 18 0.999978
0.235158 18 0.999979
0.231483 17 0.99998
0.227035 17 0.999981
0.223554 15 0.999982
0.21872 15 0.999983
0.215626 14 0.999984
0.211758 14 0.999985
0.20731 14 0.999986
0.200735 13 0.999987
0.1959 13 0.999988
0.190485 13 0.999989
0.186038 13 0.99999
0.180043 11 0.999991
0.173661 11 0.999992
0.162831 11 0.999993
0.151615 9 0.999994
0.141559 9 0.999995
0.127635 9 0.999996
0.117579 7 0.999997
0.0980468 4 0.999998
0.0740669 4 0.999999
0.0433185 2 1
0 0 1.79769e+308
